<<<<<<< HEAD
0
0
0
5339.648495275527
12677.714515693486
6577.07237714529
14313.079600334167
12034.458943605423
19576.383164286613
16606.5273373127
11177.255713880062
8263.048748493195
20782.922621309757
9679.205732941628
6273.06201839447
11197.300502955914
7691.306574344635
5395.354916512966
9202.29550254345
17545.94023603201
15915.51734149456
14656.759178221226
4856.320531070232
9091.72931227088
12417.385188758373
4330.988075196743
9630.779639959335
16475.434575855732
8928.15835905075
16005.516900539398
8336.66078311205
13634.425738453865
5978.26818972826
7161.400376737118
19210.907033145428
2678.08662045002
6066.6567368507385
6841.42578163743
10639.547563791275
7753.905340462923
15328.32376742363
11179.415669590235
13794.300857424736
11045.373525947332
12306.402229368687
6749.730664104223
3704.5395724475384
15220.745781242847
3642.8214031755924
13891.803987145424
13757.969291538
10114.687171548605
7910.128834366798
14663.968080103397
12533.84568297863
8162.751824140549
4378.150792509317
4139.455498158932
14928.21051633358
6494.936716377735
6657.436054050922
3338.2133623957634
12114.486437678337
11707.582584917545
8731.425041288137
7047.6358323693275
3840.279965221882
5122.651216447353
6585.385353147984
9035.563057601452
=======
12.199999998510094
48.19999999851002
189.9999999985101
-15.700000001490087
236.1999999985102
94.29999999851015
96.09999999850996
358.09999389648453
226.79999389648444
431.5999938964846
408.39999389648466
460.99999389648474
479.5999938964847
442.2999938964847
482.9999938964846
483.4999938964846
463.2999938964847
484.09999389648465
483.09999389648465
484.3999938964846
483.59999389648465
380.39999389648455
484.09999389648465
480.3999938964847
482.19999389648456
236.1999999985103
483.2999938964846
446.5999938964846
484.7999938964846
477.4999938964846
472.2999938964846
473.8999938964846
479.0999938964846
232.69999999851004
476.59999389648453
472.59999389648453
228.1999999985101
484.7999938964846
451.3999938964845
467.19999389648456
461.99999389648457
468.89999389648455
484.99999389648457
166.09999999851001
481.89999389648466
469.19999389648456
484.0999938964846
485.39999389648455
482.19999389648456
485.2999938964846
485.2999938964846
452.2999938964846
475.19999389648456
478.5999938964846
464.3999938964846
483.69999389648467
474.9999938964846
485.19999389648456
481.9999938964846
484.99999389648457
485.49999389648457
484.69999389648456
485.0999938964846
-9.700000001490098
485.49999389648457
465.09999389648453
444.69999389648456
485.19999389648456
475.0999938964846
475.4999938964845
481.7999938964846
484.7999938964846
485.59999389648453
485.39999389648455
464.5999938964846
483.8999938964846
485.0999938964846
484.59999389648465
484.09999389648465
484.09999389648465
343.3999938964845
484.8999938964846
451.0999938964846
444.9999938964845
485.2999938964846
485.2999938964846
378.4999938964845
485.2999938964846
432.89999389648455
485.09999389648453
423.09999389648453
474.7999938964846
471.69999389648456
455.09999389648453
471.7999938964846
484.6999938964846
465.3999938964846
481.99999389648457
485.3999938964846
238.09999999851004
485.0999938964846
438.8999938964845
465.09999389648453
485.59999389648453
424.49999389648457
485.0999938964846
474.3999938964846
465.19999389648456
485.3999938964846
484.8999938964846
474.8999938964846
482.3999938964846
475.49999389648457
455.2999938964846
485.3999938964846
-15.90000000149009
481.69999389648456
454.19999389648456
464.4999938964846
474.4999938964846
452.8999938964846
394.3999938964845
464.9999938964846
485.19999389648456
481.69999389648456
485.3999938964846
444.5999938964846
444.9999938964845
485.49999389648457
484.69999389648456
475.09999389648453
485.59999389648453
475.49999389648457
454.7999938964846
485.3999938964846
453.09999389648453
485.3999938964846
464.59999389648453
484.9999938964846
483.9999938964846
485.39999389648455
485.49999389648457
485.2999938964846
485.59999389648453
485.19999389648456
485.7999938964846
484.7999938964846
431.69999389648456
483.09999389648453
485.2999938964846
474.8999938964846
385.5999938964845
485.4999938964845
474.59999389648465
485.4999938964845
485.09999389648453
485.09999389648453
434.69999389648456
485.09999389648453
485.19999389648456
>>>>>>> f9ae05c8392ae077d95d8e1a2e795fb64a2b2e84
